FP group size, frequency
1, 25422
first group size, frequency
1,24140
2, 168
3, 13
4, 8
5, 2
6, 2
7, 3
8, 104
group size, logical size, compressed size, ratio
2, 2752512, 832269, 3.30724
3, 319488, 100269, 3.18631
4, 294912, 85073, 3.46658
5, 81920, 21530, 3.80492
6, 98304, 33253, 2.95624
7, 172032, 60905, 2.8246
8, 204531712, 83971151, 2.43574
FP group size, frequency
1, 25422
first group size, frequency
1,24140
2, 168
3, 13
4, 8
5, 2
6, 2
7, 3
8, 104
group size, logical size, compressed size, ratio
2, 2752512, 832269, 3.30724
3, 319488, 100269, 3.18631
4, 294912, 85073, 3.46658
5, 81920, 21530, 3.80492
6, 98304, 33253, 2.95624
7, 172032, 60905, 2.8246
8, 204531712, 83971151, 2.43574
FP group size, frequency
1, 25422
first group size, frequency
1,21702
2, 803
3, 113
4, 45
5, 20
6, 17
7, 15
8, 161
group size, logical size, compressed size, ratio
2, 13156352, 5008055, 2.62704
3, 2777088, 994639, 2.79206
4, 1474560, 475177, 3.10318
5, 819200, 237936, 3.44294
6, 884736, 273320, 3.237
7, 860160, 238403, 3.60801
8, 188278784, 77829971, 2.4191
FP group size, frequency
1, 25422
first group size, frequency
1,21702
2, 803
3, 113
4, 45
5, 20
6, 17
7, 15
8, 161
group size, logical size, compressed size, ratio
2, 13156352, 5008055, 2.62704
3, 2777088, 994639, 2.79206
4, 1474560, 475177, 3.10318
5, 819200, 237936, 3.44294
6, 884736, 273320, 3.237
7, 860160, 238403, 3.60801
8, 188278784, 77829971, 2.4191
